0 0 0 0 0 0 0 0 0 0 0 0 0 1 1 1 1 1 1 1 1 1 1 1 1 1 1 0 0 0 0 0 0 0 0 0 0 0
0 0 0 0 0 0 0 0 0 0 1 1 1 8 8 8 7 7 7 7 8 1 1 1 9 9 9 1 0 0 0 0 0 0 0 0 0 0
0 0 0 0 0 0 0 0 0 1 8 8 8 7 4 4 7 3 3 3 3 7 1 8 5 5 9 9 1 0 0 0 0 0 0 0 0 0
0 0 0 0 0 0 0 0 1 8 8 8 7 3 4 4 3 7 3 3 3 7 1 8 4 4 8 5 9 1 0 0 0 0 0 0 0 0
0 0 0 0 0 0 0 0 1 8 5 4 7 3 3 4 7 7 7 3 3 7 1 8 4 4 8 5 5 1 0 0 0 0 0 0 0 0
0 0 0 0 0 0 0 0 1 5 4 8 7 7 3 4 4 7 3 3 3 8 1 9 4 4 4 5 5 1 0 0 0 0 0 0 0 0
0 0 0 0 0 0 0 0 1 5 4 4 8 3 3 4 4 3 4 4 4 4 1 4 4 4 4 5 5 1 0 0 0 0 0 0 0 0
0 0 0 0 0 0 0 0 0 1 5 4 4 3 4 4 4 4 4 3 3 3 1 4 4 4 4 5 1 0 0 0 0 0 0 0 0 0
0 0 0 0 0 0 0 0 0 1 5 4 4 4 4 4 4 4 4 3 3 3 1 4 4 4 5 5 1 0 0 0 0 0 0 0 0 0
0 0 0 0 0 0 0 0 0 1 5 5 4 4 4 4 4 4 4 8 7 7 7 7 7 7 7 7 8 1 1 0 0 0 0 0 0 0
0 0 0 0 0 0 0 0 0 0 1 1 4 4 4 8 7 7 7 7 7 7 7 7 7 7 7 7 7 7 8 1 0 0 0 0 0 0
0 0 0 0 0 0 0 0 1 1 1 8 7 7 7 7 7 7 7 7 2 2 2 2 2 2 2 7 7 7 7 8 1 0 0 0 0 0
0 0 0 0 0 0 1 1 8 8 7 7 7 7 7 2 2 2 2 2 7 1 8 8 8 8 9 7 2 7 7 7 8 1 0 0 0 0
0 0 0 0 0 1 8 8 8 7 7 7 7 2 2 7 5 5 1 1 8 8 7 7 7 7 8 9 1 8 8 7 8 1 1 0 0 0
0 1 1 1 1 7 7 8 7 7 7 2 8 5 5 5 5 4 1 9 8 7 7 8 2 2 7 8 5 1 8 8 8 9 9 1 1 0
1 8 8 7 7 7 7 8 7 8 9 5 5 5 5 4 4 4 1 9 8 7 7 7 7 7 7 7 6 5 9 8 8 8 8 8 9 1
0 1 1 8 8 7 8 8 9 1 5 5 5 5 4 4 4 3 3 9 8 7 7 7 8 8 7 7 6 6 5 9 8 8 8 1 1 0
0 0 0 1 9 8 8 9 1 5 5 5 5 4 4 4 3 3 3 3 8 8 7 7 8 2 7 7 6 6 5 9 8 1 1 0 0 0
0 0 0 1 9 8 9 1 1 5 5 5 4 9 4 4 4 3 3 4 4 1 1 1 8 2 1 1 6 6 5 8 1 0 0 0 0 0
0 0 0 1 9 9 10 1 1 5 5 4 4 4 9 9 4 4 4 4 7 3 3 1 8 7 1 1 6 6 5 1 0 0 0 0 0 0
0 0 0 1 9 10 10 10 1 5 5 4 4 4 9 9 9 8 8 7 3 3 3 3 7 2 2 7 6 4 5 1 0 0 0 0 0 0
0 0 0 1 9 10 10 10 10 10 5 4 4 4 4 9 12 12 11 7 3 3 3 3 3 7 7 3 3 4 5 1 0 0 0 0 0 0
0 0 0 0 1 9 10 10 10 10 5 4 4 4 4 8 12 7 11 7 3 3 3 3 3 3 3 3 3 4 1 0 0 0 0 0 0 0
0 0 0 0 0 1 9 9 10 10 5 5 4 4 4 9 12 11 12 8 4 3 3 3 3 3 3 3 3 4 1 0 0 0 0 0 0 0
0 0 0 0 0 0 1 1 9 9 5 5 5 4 4 8 8 7 7 7 7 3 3 3 3 3 3 3 3 4 1 0 0 0 0 0 0 0
0 0 0 0 0 0 0 0 1 1 5 4 3 4 8 3 3 3 3 7 7 4 3 3 3 3 3 3 4 1 0 0 0 0 0 0 0 0
0 0 0 0 0 0 0 0 0 1 5 4 3 3 3 3 3 3 3 3 3 7 3 3 3 3 3 4 1 0 0 0 0 0 0 0 0 0
0 0 0 0 0 0 0 0 0 0 1 4 4 3 3 3 3 3 3 3 3 3 3 3 3 3 4 1 0 0 0 0 0 0 0 0 0 0
0 0 0 0 0 0 0 0 0 0 1 4 4 3 3 3 3 3 3 3 3 3 3 3 3 4 1 0 0 0 0 0 0 0 0 0 0 0
0 0 0 0 0 0 0 0 0 0 0 1 4 3 3 3 3 3 3 3 3 3 4 4 4 1 0 0 0 0 0 0 0 0 0 0 0 0
0 0 0 0 0 0 0 0 0 0 0 0 1 1 3 3 3 3 3 4 4 4 1 1 1 0 0 0 0 0 0 0 0 0 0 0 0 0
0 0 0 0 0 0 0 0 0 0 0 0 0 0 1 1 1 1 1 1 1 1 0 0 0 0 0 0 0 0 0 0 0 0 0 0 0 0